<tab:descr_fs>
             0.00035	             0.00037
             0.00003	             0.00004
         13904.00000	         13904.00000
       3642848.00000	       3642848.00000
<tab:descr_iv>
            -0.00036	            -0.00019	            -0.03409	            -0.02132
             0.00015	             0.00015	             0.00744	             0.00462
         13904.00000	         13904.00000	         13904.00000	         13904.00000
       3268653.00000	       3268653.00000	       3268653.00000	       3268653.00000
